train 1221  test 332
 sigma  train eng  train mkt   test eng   test mkt
  0.00     0.2213     0.2137     0.2067     0.1896
  0.03     0.2207     0.2137     0.2050     0.1896
  0.06     0.2200     0.2137     0.2022     0.1896
  0.09     0.2198     0.2137     0.2002     0.1896
  0.12     0.2200     0.2137     0.1992     0.1896
  0.15     0.2202     0.2137     0.1989     0.1896
  0.18     0.2203     0.2137     0.1991     0.1896
  0.22     0.2205     0.2137     0.1999     0.1896
best sigma on train: 0.09
